-623 -291 -684 -300 501 0.0 1.0 0.37 0 0.1
-623 -291 -680 -295 1599 0.0 1.0 0.37 0 0.1
-1044 -584 -980 -618 1604 0.0 1.0 0.37 0 0.1
-1044 -582 -977 -613 749 0.0 1.0 0.37 0 0.1
-1044 -582 -977 -612 744 0.0 0.6 0.37 0 0.1
-713 -247 -643 -283 751 0.0 0.6 0.37 0 0.1
216 -1131 233 -1203 750 0.0 0.6 0.37 0 0.1
-648 -1997 -621 -2063 749 0.0 0.6 0.37 0 0.1
-287 -2328 -300 -2413 749 0.0 0.6 0.37 0 0.1
740 -1278 769 -1335 755 0.0 0.6 0.37 0 0.1
-32 -2622 -30 -2676 750 0.0 0.6 0.37 0 0.1
947 -1627 954 -1684 751 0.0 0.6 0.37 0 0.1
748 -1827 754 -1878 2259 0.73 0.6 0.37 0 0.1
888 -1678 920 -1712 2248 0.73 0.6 0.37 0 0.1
888 -1678 920 -1712 2248 0.73 1.0 0.37 0 0.1
888 -1678 919 -1713 1599 0.0 1.0 0.37 0 0.1
-823 69 -680 -136 1598 0.0 1.0 0.37 0 0.1
-1066 -109 -881 -361 1598 0.0 1.0 0.37 0 0.1
-1066 -107 -880 -356 745 0.0 1.0 0.37 0 0.1
-1066 -107 -879 -356 744 0.0 0.6 0.37 0 0.1
-751 223 -550 -32 751 0.0 0.6 0.37 0 0.1
714 -1197 911 -1531 750 0.0 0.6 0.37 0 0.1
717 -1197 912 -1530 2247 0.73 0.6 0.37 0 0.1
793 -1121 991 -1451 2252 0.73 0.6 0.37 0 0.1
793 -1121 991 -1451 2249 0.73 1.0 0.37 0 0.1
790 -1124 987 -1452 1590 0.0 1.0 0.37 0 0.1
-748 450 -570 86 1600 0.0 1.0 0.37 0 0.1
-971 335 -695 -86 1600 0.0 1.0 0.37 0 0.1
-1084 442 -793 1 1600 0.0 1.0 0.37 0 0.1
-1513 61 -1120 -323 1602 0.0 1.0 0.37 0 0.1
-1191 395 -773 26 752 0.0 0.6 0.37 0 0.1
304 -1045 647 -1454 750 0.0 0.6 0.37 0 0.1
309 -1048 651 -1461 2256 0.73 0.6 0.37 0 0.1
362 -990 714 -1403 2249 0.73 0.6 0.37 0 0.1
362 -990 714 -1403 2246 0.73 1.0 0.37 0 0.1
362 -990 714 -1403 2249 0.73 0.6 0.37 0 0.1
362 -990 714 -1403 2251 0.73 1.0 0.37 0 0.1
360 -992 709 -1406 1599 0.0 1.0 0.37 0 0.1
-722 140 -399 -312 1601 0.0 1.0 0.37 0 0.1
-1316 -256 -825 -753 1602 0.0 1.0 0.37 0 0.1
-1313 -248 -818 -744 750 0.0 1.0 0.37 0 0.1
-865 210 -298 -235 750 0.0 0.6 0.37 0 0.1
