//One specimen push 2 blocks back
-513 -517 -515 -506 499 0.0 1.0 0.37 0 0.1
-515 -518 -518 -509 2249 0.73 1.0 0.37 0 0.1
-515 -519 -518 -510 1589 0.0 1.0 0.37 0 0.1
-725 -733 -732 -717 1599 0.0 1.0 0.37 0 0.1
-725 -733 -732 -716 748 0.0 1.0 0.37 0 0.1
-725 -733 -732 -716 748 0.0 0.6 0.37 0 0.1
-559 -564 -571 -559 748 0.0 0.6 0.37 0 0.1
183 -1275 138 -1295 751 0.0 0.6 0.37 0 0.1
-613 -2084 -653 -2093 751 0.0 0.6 0.37 0 0.1
-271 -2401 -327 -2444 745 0.0 0.6 0.37 0 0.1
796 -1269 789 -1306 754 0.0 0.6 0.37 0 0.1
-341 -2465 -359 -2471 754 0.0 0.6 0.37 0 0.1
-54 -2738 -95 -2760 748 0.0 0.6 0.37 0 0.1
1118 -1544 1123 -1527 751 0.0 0.6 0.37 0 0.1
786 -1886 805 -1832 752 0.0 0.6 0.37 0 0.1
675 -1773 913 -1934 752 0.0 0.6 0.37 0 0.1
676 -1773 916 -1934 2252 0.73 0.6 0.37 0 0.1
899 -1544 1148 -1704 0 0.73 0.6 0.37 0 0.1
